>> main
LSP(3): 0.43301270
LSP(4): 0.50000000
LSP(5): 0.65716389
LSP(6): 0.67498144
LSP(7): 0.71974093
LSP(8): 0.72686848
LSP(9): 0.74561923
LSP(10): 0.74913735
Regular_polygon(3): 0.43301270
Regular_polygon(4): 0.50000000
Regular_polygon(5): 0.65716389
Regular_polygon(6): 0.64951905
Regular_polygon(7): 0.71974093
Regular_polygon(8): 0.70710678
Regular_polygon(9): 0.74561923
Regular_polygon(10): 0.73473157
LSP(4)_square: 0.50000000
LSP(4)_kite: 0.50000000
LSP(4)_orthodiagonal_trapezoid: 0.50000000
LSP(4)_orthodiagonal_quadrilateral: 0.50000000
GBLH-(0): 0.50000000
GBLH-(1): 0.57799497
GBLH-(2): 0.63676734
GBLH-(3): 0.67078784
GBLH-(4): 0.66600747
GBLH-(5): 0.50000000
>> 
